1 9 6080 9204 11029 9036 100 6072 9196 3049 6176
2 7 6164 11044 11197 156 3148 49 11147
1 3 6301 253 377
2 9 187 9333 11224 9242 3344 9287 354 11353 11241
2 4 3206 399 3277 3325
1 5 3393 13206 400 3254 11312
2 3 6489 507 6103
1 3 3690 519 9517
2 4 3604 603 3776 773
1 6 6718 685 6674 654 9632 11614
3 4 9614 11603 674 3663
1 3 521 678 6683
2 3 9661 686 6720
1 5 6695 660 690 3676 11639
1 6 3726 6748 700 6701 3682 6689
2 4 11625 6703 701 6720
2 6 4738 709 751 5205 12582 4869
1 6 3816 813 11766 857 3859 9785
2 3 3823 873 3957
1 3 6875 910 9907
1 4 3959 956 911 11834
1 5 819 9826 923 11846 9904
2 5 6974 4402 954 7626 12305
1 6 819 9826 3923 963 11882 9904
1 5 1145 9964 1013 11923 7132
1 5 1088 1056 1072 3942 1634
1 5 1054 10085 1081 11977 7175
1 4 1088 10087 1108 792
1 7 7045 12054 1132 10051 11927 10047 7202
2 7 9512 4209 1775 1292 1327 9292 12157
1 8 7363 10274 7447 1238 1321 1238 7447 7391
3 3 4299 1377 5086
1 6 4416 1381 12164 1268 7436 10278
1 8 4492 4595 1402 7335 7407 4333 4232 10239
3 5 7593 1444 12452 4544 4571
1 7 4578 4636 10366 10148 1459 11687 1919
1 3 7604 1463 10811
1 6 9715 1610 11674 1539 12309 1599
1 7 1472 4632 7610 1557 12411 4560 7566
2 7 12458 7543 10355 1559 10449 4650 1615
1 4 1624 1568 1555 12364
1 9 12498 12325 12353 1572 1584 7388 12752 1913 1843
1 5 4604 4589 1598 1585 8238
1 5 4581 12471 1479 1614 12324
1 4 4611 1633 4624 7617
1 4 1624 4643 1639 12409
1 8 4826 7865 10687 12673 1690 10327 12214 7442
1 4 7840 7745 1747 3750
1 7 7799 4777 12520 1774 4849 4823 12737
1 6 4597 4567 2043 1806 7904 10798
1 9 12024 4814 12570 12642 1827 7780 4723 4794 10711
1 8 10341 10526 4029 1849 7776 3699 1719 1866
1 3 4851 1874 7872
1 4 2054 1908 4149 12886
2 5 12800 12887 1914 10795 2016
1 4 1459 11687 1919 10671
2 4 191 4515 1968 8054
2 3 4972 1969 1932
2 3 12874 2001 7950
2 4 2089 12726 2004 7977
1 3 4887 2008 4956
2 5 1914 10795 2016 10851 12744
1 4 4892 5000 2052 12772
2 3 2038 2094 5039
1 4 10793 2097 12046 12839
1 3 4851 2151 5177
1 4 5107 2178 5153 10984
1 4 10972 2159 2180 12971
1 3 2162 2212 12969
2 7 11105 6009 204 3161 3061 6186 9206
1 4 5084 3165 11108 12830
2 4 2081 9152 3181 7919
2 4 6301 3301 3205 6318
1 4 11293 3359 3242 3379
2 4 349 3258 3367 375
1 9 11321 9391 9365 6394 3246 3276 6337 6294 6357
2 6 287 3279 11254 9318 3345 11235
3 4 6314 3288 11265 6332
2 5 6314 9262 3319 3296 6322
2 8 3542 238 343 3364 3335 6252 11284 11235
2 3 6513 3355 9509
2 3 6469 3444 11562
2 5 485 11420 3476 6504 11483
2 5 418 9449 3492 558 3580
2 3 6524 3561 6513
1 4 6418 3585 3418 6440
1 4 6613 11593 3594 9607
1 5 11594 624 3596 6614 9586
1 6 619 3617 3614 614 6634 9602
1 4 9771 3630 11657 6667
2 6 831 11791 689 3685 9825 6890
1 3 519 3690 9666
2 4 6723 732 3703 9681
2 4 692 3705 9515 9681
2 6 3757 754 11686 3707 723 6747
1 6 6962 11709 3754 6773 3771 9734
1 4 773 6790 3773 6788
2 3 873 3823 11841
1 4 3973 3844 10163 11818
1 6 3957 6929 3847 822 3824 6845
1 4 11905 3893 11842 9902
1 5 885 11852 3902 6903 9857
2 6 6766 943 6917 3946 6960 9898
1 6 6952 6982 3952 793 11754 9771
1 4 911 956 3959 9909
1 5 9907 1616 3976 9752 6606
1 4 7014 12076 4042 7191
3 4 5040 4045 12137 5086
1 7 1145 11939 7166 4046 10078 12051 11953
2 6 1054 12060 4056 7121 11912 12011
1 3 4550 4111 11919
2 7 940 9755 7143 4124 10056 11810 11746
1 3 1182 4188 4100
2 5 4342 4287 12221 10318 12459
3 4 1377 4299 9973 10751
2 5 1275 4321 1430 10152 12180
1 4 7363 12247 4416 1381
2 3 4872 4426 4875
1 5 8010 4435 12338 10389 7565
1 4 1450 4458 7495 7661
2 9 9814 11859 11876 9911 4518 6876 6694 6699 9713
1 4 4111 4550 10087 1088
1 5 12501 10281 12803 4594 12735
1 4 831 4601 1445 6696
2 3 1609 4616 11929
2 7 4724 7815 7886 12631 4665 10652 7274
1 3 7887 4718 10609
2 5 751 709 4738 4166 9657
1 9 1690 12673 10687 7865 4826 1414 4274 528 11495
1 5 12024 10532 4830 3613 7840
1 3 4892 4942 10855
2 4 2105 4950 10030 12781
1 3 5028 4997 7963
2 3 4972 5028 4997
2 3 2094 5039 8008
2 4 1960 5060 1473 4978
2 3 2120 5155 2216
2 3 2123 5164 12971
1 7 100 9036 11029 9204 6080 9204 6115
2 7 11071 6075 3157 6097 3154 11168 160
2 6 11215 329 299 6148 11390 11380
1 4 9297 11345 6237 9315
1 8 3263 3377 6396 6262 6315 9313 9330 11379
2 3 6241 6286 9309
2 6 265 6342 3525 6322 3296 3319
1 4 6280 3309 6359 6413
2 6 6242 11259 6326 6371 9323 11241
1 5 571 3571 9555 6418 3585
1 5 3548 11536 6431 9468 11479
2 3 3355 6513 3561
2 5 3552 3758 6536 9510 11465
1 4 9443 11533 6549 3397
2 4 11544 11529 6555 9517
2 3 480 6560 6446
2 3 529 6570 6469
2 4 3577 11534 6584 9548
2 3 3397 6594 11417
1 9 3775 6797 9580 11567 3605 6630 6625 4270 4345
1 4 4601 1445 6696 6974
3 3 11646 6700 11625
1 6 3703 732 6723 6552 9527 11666
2 5 3701 3704 6706 6729 6747
1 4 3906 6732 3712 3715
2 6 9737 6762 6759 9717 6775 11702
1 6 10718 4775 7899 6767 7896 12588
2 4 620 3598 6792 9734
1 4 9924 782 6793 9582
1 4 11741 6799 11572 6983
1 7 6812 6966 3873 6817 9896 871 7213
1 6 3957 6929 6823 9789 11789 11800
2 4 3966 6939 883 6843
1 3 6788 6973 6946
1 6 9932 9886 6976 6991 10472 12376
1 5 12039 11957 7005 10026 11921
2 4 4171 3854 7088 12989
1 4 12420 1579 7090 10001
2 3 8223 7133 7996
1 5 1092 11946 7212 12031 9985
3 4 7125 7221 7204 7175
1 7 4320 4361 1342 10279 7381 4406 10307
1 5 7315 7442 12214 10327 1690
1 4 4658 7664 7450 7520
2 5 9910 7306 7458 1586 10516
1 3 7450 7520 12406
1 8 11701 4523 10262 12474 7541 10395 10435 12324
1 3 8054 7548 12981
1 5 2219 8186 5225 7567 12910
1 4 7630 7617 4624 1633
2 5 1624 7621 4573 12379 12364
1 7 1413 12277 7642 4434 4621 1425 10307
2 4 1580 7770 10957 8136
1 6 4578 7507 7501 4629 7775 10671
2 3 3010 7787 10684
1 5 10455 10682 7859 4864 12406
2 5 4718 7887 1713 7783 12604
1 4 10735 7903 10139 9084
1 6 4139 10107 8046 7908 4933 4154
1 4 2004 7977 12855 10793
2 3 7133 7996 10908
1 5 4435 8010 12338 10389 7565
2 4 1932 2025 8021 1992
2 3 8096 8039 12785
2 3 10915 8058 8015
2 3 9084 8106 10173
1 3 8065 8122 10803
2 4 7770 10957 8136 12391
2 3 2196 8182 8201
2 4 5163 2172 8187 12964
1 3 10942 8199 5190
2 3 7133 8223 12929
1 6 2221 12934 8249 2114 5134 10455
1 3 7978 9137 11194
2 6 6050 9149 3182 11091 3045 11147
1 3 6237 9315 9379
3 6 3380 6402 11245 9398 266 3384
1 5 6464 13205 9412 11554 11539
3 4 3516 9444 9418 6583
1 5 3548 9563 9425 11550 3562
2 5 265 9374 9438 9357 6296
1 3 3535 9441 9497
2 6 720 7611 12368 9450 12357 9657
2 5 265 6342 9483 9731 6314
2 5 13011 11732 9490 3506 11491
2 5 6449 9550 11508 9495 11465
1 4 9441 9497 11404 9416
2 5 493 9508 11428 11532 6416
2 7 1292 1775 4209 9512 12521 7874 12619
3 3 493 9546 11558
1 4 3484 9551 9567 6464
1 3 6793 9582 3604
1 4 3596 6614 9586 6983
1 4 4345 9601 7291 12149
2 4 9769 9612 6658 9617
3 4 3663 9617 6658 9612
1 5 11639 6679 3665 9619 6667
3 4 3731 716 9660 11625
1 4 692 6693 9666 3690
1 5 3548 746 9687 713 11659
1 6 3733 3747 9708 9721 9754 10381
1 6 1539 11674 1610 9715 1610 11645
1 4 971 7547 9727 12568
1 6 3775 6607 779 9743 11725 9711
1 4 833 11762 9780 13255
1 5 857 3859 9785 6993 9767
1 5 9767 3794 9800 9846 11825
1 4 1634 6883 9823 9893
2 6 11650 11680 9836 3880 880 11800
1 5 7169 12056 1063 9865 6994
1 5 9860 11797 9868 3979 9932
1 3 9823 9893 12473
1 5 6957 6942 9894 11872 11899
1 3 4139 10023 7069
1 8 4112 7130 10038 9941 10122 12096 1119 1005
1 8 4275 10217 10158 12201 1394 1337 4371 7236
2 4 8106 10173 4979 10887
2 5 1349 10270 4353 5063 10311
1 7 7381 4406 10307 1425 4621 4434 7642
2 5 12341 10337 10504 805 10778
1 4 4597 10370 1564 10717
1 5 10515 12351 10390 12394 12409
1 3 2213 10400 12064
1 5 5223 12903 10419 8197 10946
1 6 11929 9993 7634 10514 12395 12366
2 7 4724 7744 4853 10570 12523 1697 10631
1 5 1814 7826 1801 10609 4718
1 4 10552 10624 4857 7760
2 6 10570 12523 1697 10631 10628 10688
1 3 7775 10671 1919
2 3 7787 10684 10552
2 5 10631 10628 10688 12668 12608
1 7 4869 602 777 10718 4775 7899 6767
1 3 1463 10811 10106
1 3 4957 10829 10915
1 3 4887 10832 10730
1 5 10735 1971 10866 12792 10898
1 4 12005 10887 4979 10173
1 3 4851 10929 2216
1 5 2227 10933 2175 8179 5107
2 5 5168 10939 10998 1524 4617
1 4 2180 2159 10972 8201
1 3 5210 10976 12941
1 3 2106 10986 12943
1 6 5223 12909 8196 10999 4570 7589
2 8 6164 9054 11114 6028 69 11070 6310 383
2 6 6115 11184 11151 171 6310 383
2 8 3151 6174 11080 11186 3120 9120 9408 11202
2 6 6050 161 11082 11188 11082 11380
1 6 3273 6320 11218 9314 11299 351
2 3 296 11221 6103
2 3 296 11253 11374
2 3 247 11264 9281
1 5 7394 11267 9310 3396 9303
2 5 6259 6567 11385 11274 11301
2 5 9221 6178 308 11291 9317
1 9 6327 11277 11394 11262 11309 6291 3221 3389 396
2 4 6389 11331 11305 321
2 5 310 233 11342 9295 3320
2 4 6389 317 11366 11251
2 5 9334 9361 11372 11316 334
1 4 466 3410 11413 9427
2 3 6496 11456 6241
2 3 3369 11471 6489
3 4 9490 3506 11491 11506
2 7 6338 372 9514 11496 355 11281 9271
2 7 3549 9578 553 11521 11535 3579 6449
1 5 6780 3782 11570 776 3780
1 9 3775 9583 9585 11728 11602 3640 9467 7366 4869
2 5 6685 11610 9643 9608 6647
1 5 9836 11680 11650 3702 3733
2 5 695 9684 6769 11669 6710
1 5 3484 11522 11679 3716 6720
2 3 3650 11794 6613
1 4 928 11898 11796 981
1 6 3816 9813 11821 915 9882 3915
2 3 9832 11830 3906
2 3 6875 11833 6946
2 7 11747 804 11839 11826 919 3903 6950
1 5 7169 1165 9807 11847 6994
1 4 11741 11899 11872 9894
1 4 3893 11905 9862 6923
1 5 7191 11991 1096 7058 9974
1 3 10887 12005 10772
1 5 1149 1189 12039 11957 7005
2 3 10400 12064 12648
1 3 10171 12114 1275
1 3 10313 12299 12113
2 3 4735 12391 8136
1 4 10390 12394 12409 1639
1 4 12406 12435 10682 10455
1 5 1599 12380 12441 10472 12376
1 3 4696 12547 12589
2 7 1814 4804 12617 12604 7783 1713 7887
1 4 4586 12624 7762 10798
2 5 1836 1752 12685 12145 12688
2 3 1975 12707 7950
2 3 4948 12710 8015
2 3 10764 12719 5084
1 3 10728 12738 12865
1 3 2051 12746 12873
2 3 12817 12762 12874
1 5 4106 1199 12829 1103 4064
1 5 2097 12046 12839 3795 12372
1 3 10747 12845 12772
1 4 7604 1822 12861 4943
3 4 2086 12868 2002 10772
1 3 8075 12869 8149
2 3 2001 12874 12762
1 3 4611 12878 13087
1 4 1908 4149 12886 4064
2 4 4791 1773 12924 12910
2 3 8223 12929 12989
2 4 5212 2193 12935 2120
2 4 10928 8164 12941 10976
2 5 8203 5165 5200 12951 10959
1 3 8219 12981 7548
1 3 2162 12997 2225
2 4 2853 13059 10557 12608
2 4 1993 13211 1883 7919
1 3 9780 13255 9914
2 7 12 3004 175 3066 3103 6191 9370
2 4 117 3072 9164 9197
2 7 117 11109 9234 320 9331 9254 6242
2 5 121 3220 3116 6135 9267
2 6 160 6073 11165 9107 172 3140
2 8 160 81 6189 3124 6143 9188 11166 121
2 3 287 11349 9343
2 5 306 3362 6387 9399 287
2 5 306 223 9351 289 9247
2 4 306 11290 11220 11241
2 6 310 341 222 319 3310 6242
2 4 310 11358 3255 265
2 4 321 11276 11219 375
2 2 321 9388
2 2 334 11260
2 3 334 3324 3295
2 3 334 3324 3380
2 3 334 279 3381
1 3 337 11371 11238
2 3 349 3340 9388
2 3 349 3312 3207
2 3 351 11270 11317
2 3 362 9263 334
2 2 362 3380
2 2 374 3326
2 6 383 3307 6412 9362 6345 9279
2 2 383 3386
2 3 385 11303 369
1 2 385 337
2 2 391 9498
2 2 391 68
2 3 391 3314 6336
2 8 396 367 3332 3304 6492 9460 3426 3578
2 10 396 340 471 6587 544 487 579 3582 3555 3529
2 7 413 9448 6553 3504 437 3431 6566
2 6 413 9448 9339 11323 11351 396
2 6 458 488 9491 9519 559 9413
2 4 458 409 3403 9573
1 7 464 3618 9453 642 475 3593 11701
2 4 466 6522 9494 11399
2 3 480 9431 3262
2 2 485 9434
2 2 495 9443
2 4 512 3493 6688 3655
3 3 514 11481 3535
2 3 514 573 3514
2 4 514 6559 11432 6440
2 2 516 6598
2 2 516 3516
2 2 516 3576
1 4 521 11642 6698 9642
2 6 523 11513 9424 473 9552 413
2 5 525 489 3568 9506 3542
2 3 525 504 6497
2 4 525 3543 441 11477
2 6 572 6557 11543 3470 6593 11477
2 3 572 474 3496
2 2 587 6469
2 2 587 3547
1 3 596 9596 9627
1 2 596 9611
2 3 620 3626 651
2 3 620 9751 9734
2 2 657 9614
2 3 657 9635 687
2 2 687 3701
2 4 692 11653 9515 9681
2 4 720 12697 10457 12305
2 4 720 1655 4437 9653
2 3 720 12497 1527
2 3 720 4508 12437
2 4 736 9669 11440 10552
2 3 736 3481 12663
2 3 743 3931 9857
2 3 743 6756 740
2 2 755 11702
2 4 755 752 3751 6962
1 3 773 11568 6631
1 3 778 9603 6666
1 2 792 11919
1 2 806 12029
1 4 854 6865 3898 3899
2 4 885 11854 13220 740
2 4 885 903 6936 11825
1 4 908 718 9675 4445
2 4 940 11792 6925 11747
2 4 940 3788 1122 1005
1 3 947 11867 6912
2 3 949 965 9771
1 3 971 10441 3975
2 3 981 11898 928
1 4 981 856 11831 3951
1 3 989 12100 7215
1 2 989 4116
2 3 1054 12085 11948
1 2 1065 7107
1 3 1065 1201 4206
1 2 1086 4206
2 4 1091 11959 7214 7186
1 3 1092 10052 11985
1 2 1102 11943
1 3 1102 7203 5046
1 2 1145 4131
1 2 1147 4064
1 3 1148 7021 12011
1 2 1160 4163
1 2 1179 3456
1 2 1182 9998
1 2 1182 4100
2 2 1194 10113
2 4 1278 1305 4354 12270
2 7 1278 12130 10136 3280 7320 10133 1821
2 6 1278 1258 4265 10185 1334 12157
2 2 1317 1275
2 3 1317 10259 10799
1 4 1339 13001 12190 1326
1 2 1339 12206
2 3 1352 7834 10717
2 3 1352 7892 12024
2 3 1413 4390 4608
1 5 1450 7624 4463 3668 6689
1 2 1450 11645
1 5 1472 4517 11006 10941 2221
2 3 1527 10457 12305
2 2 1580 13217
1 6 1591 10547 10619 12529 10680 7784
2 2 1595 12437
2 3 1595 9796 9810
1 4 1599 12309 4605 11645
2 4 1609 7124 2843 9935
1 5 1615 4565 10410 4510 7464
2 2 1615 4464
2 2 1615 7480
1 4 1634 10882 1938 10106
1 2 1770 10666
2 8 1794 10546 1797 10202 12616 4670 1309 12619
2 3 1794 1779 10531
2 3 1794 4734 7274
2 2 1804 3010
2 3 1804 3498 736
2 2 1814 12632
2 5 1821 10133 12287 1233 12157
2 4 1836 4772 4880 12667
2 2 1836 3750
1 4 1866 6827 12693 12588
1 3 1866 9880 1867
1 2 1909 4957
2 2 1909 2038
2 2 1951 10919
2 2 1960 5084
2 2 1992 7978
1 2 1993 7963
2 3 1993 8078 11012
3 3 2005 1569 4571
3 2 2005 10751
1 2 2012 4957
2 2 2012 10915
1 2 2050 12900
3 2 2051 8032
1 2 2081 7963
2 3 2081 4897 4978
2 2 2086 11955
3 2 2086 2054
2 2 2100 2012
1 2 2106 12922
2 2 2120 12971
1 2 2123 2202
1 2 2152 2173
1 2 2173 12922
2 2 2173 12964
2 2 2195 8203
2 2 2195 12943
2 3 2195 2209 2152
2 4 2197 7839 4819 12632
1 4 2211 2203 5195 2197
1 2 2213 5217
1 2 2227 5168
2 3 2228 5153 10984
2 3 2228 2132 5107
2 5 2853 1852 7765 7817 10641
2 5 3140 9060 11048 9111 187
2 4 3140 57 70 9197
2 4 3151 149 11068 9197
2 3 3152 11426 11127
2 4 3152 567 83 185
2 7 3177 11110 9124 6100 3079 84 11086
2 6 3177 9232 6133 3146 9214 9370
1 4 3203 3293 3350 6292
1 4 3203 11453 9466 11477
1 3 3203 6319 9288
2 2 3207 9496
2 2 3234 247
2 2 3234 3326
2 2 3262 6598
1 3 3263 11300 11235
2 3 3273 6395 9237
3 3 3295 3230 6259
1 3 3320 9274 3393
2 2 3320 6413
2 3 3320 327 6296
2 3 3326 309 247
1 2 3326 241
2 4 3379 3329 276 385
3 3 3380 6402 6332
2 2 3380 3295
3 3 3381 11515 493
2 6 3386 3307 6412 9362 6345 9279
2 2 3386 9251
2 4 3392 6546 9520 3496
1 4 3393 318 3281 3392
2 3 3397 3524 9443
2 7 3430 6429 3457 3511 3570 6593 11477
1 3 3456 4003 1147
2 4 3473 444 3532 6558
2 5 3473 3572 6595 552 9570
2 5 3473 6236 9387 9252 11260
1 2 3484 11539
3 2 3488 3547
3 2 3488 11435
2 3 3495 3509 11463
1 4 3513 4328 528 11495
1 2 3513 12211
3 2 3516 9536
3 2 3516 11519
3 3 3522 6487 9560
3 2 3522 9238
2 4 3529 11474 520 3503
2 5 3529 6527 9474 3489 3478
2 5 3542 6508 9477 463 9413
3 4 3544 11492 548 493
3 2 3544 6259
2 3 3544 467 6416
3 3 3549 9523 11506
2 3 3549 3534 11463
2 5 3553 421 3485 3545 6534
2 3 3553 6562 3414
2 2 3562 3430
2 5 3562 11427 491 9454 572
3 2 3569 3553
3 2 3576 11483
3 2 3576 9536
2 3 3577 414 6455
2 4 3578 11523 9432 6601
2 6 3578 6539 9475 6575 11484 3503
2 4 3580 9260 9328 9355
1 3 3581 3410 466
1 4 3581 6586 11691 3548
2 4 3650 641 9590 6613
2 3 3650 6668 6666
2 3 3652 817 3650
2 3 3655 6651 651
2 2 3659 3671
2 3 3659 655 6657
2 3 3659 9631 11600
2 5 3663 9651 11636 3076 687
2 3 3671 669 651
2 4 3681 9644 6518 512
2 4 3681 667 9609 9607
2 3 3701 6727 11670
1 3 3715 3712 3732
1 6 3720 3717 6736 9691 6692 11617
1 10 3726 742 745 3746 11724 6794 9581 11400 6490 3478
3 4 3731 3713 699 11646
2 3 3732 7462 12459
2 4 3748 9707 731 6718
2 6 3748 9707 731 11661 6702 3672
1 3 3775 3763 11695
2 2 3780 773
2 3 3816 11737 7213
2 3 3863 6882 3878
2 2 3863 11782
1 2 3865 833
1 5 3865 11856 13235 13234 914
1 3 3868 6889 9821
2 4 3878 9847 6909 9832
1 4 3882 907 6886 6857
1 2 3882 3865
1 3 3885 6926 925
1 5 3899 897 872 6836 6812
1 2 3915 3899
3 2 3924 3943
2 3 3924 11816 3868
1 2 3924 6957
1 5 3951 6808 3907 11784 11747
1 6 3951 6808 3907 9811 11792 940
1 4 3966 6831 9838 925
1 7 3972 12848 12301 1998 4955 5038 1954
2 3 4052 7171 7070
1 3 4052 9790 912
1 4 4061 1037 4129 11921
1 3 4097 7173 4154
1 2 4097 7215
1 3 4100 7016 4118
2 4 4106 12080 11993 7150
2 5 4106 12080 7205 7177 4072
2 2 4106 2105
2 2 4107 7155
2 3 4109 1109 976
2 2 4112 928
1 5 4131 13077 7065 9976 11953
1 3 4131 7033 9960
2 2 4139 11943
2 2 4155 13084
1 3 4163 1046 4061
2 2 4187 4072
2 3 4187 7013 1349
2 5 4215 7281 7233 10140 12143
2 3 4245 12050 1609
2 5 4245 4062 4104 12063 10088
1 4 4275 1296 4392 7587
1 3 4344 1412 7395
1 3 4345 7345 7289
1 5 4345 7345 3602 598 6778
2 3 4410 10801 12854
2 3 4410 8120 10401
2 4 4414 10897 12734 8011
2 4 4414 5032 10208 7395
2 4 4449 4540 7615 10615
1 5 4492 12385 4773 10146 1591
1 6 4492 10506 12340 12397 4636 4578
2 2 4569 4449
2 2 4569 12305
2 4 4569 1523 12361 10717
3 3 4571 4544 7593
1 4 4581 7243 7354 7392
1 3 4581 4638 4578
1 3 4608 10479 12472
1 4 4617 8242 5218 8129
1 6 4658 7649 1570 2116 10941 2221
2 2 4735 13217
2 3 4735 1552 8054
2 5 4827 4767 1674 1790 7274
1 2 4851 12963
1 2 4875 12588
1 2 4887 8032
2 4 4908 4977 1945 8057
1 2 4946 10895
1 2 4952 12900
2 2 4957 8008
1 2 4965 2077
2 2 4989 7972
2 2 4989 12834
3 2 5026 4892
3 2 5040 4410
3 3 5040 7938 2005
1 4 5043 8066 7049 10735
3 3 5086 10807 7080
2 3 5115 8140 2218
2 2 5177 5212
2 2 5199 7872
2 2 5199 2216
1 3 5220 12933 2228
1 3 5223 8233 2218
2 3 6077 3135 9200
2 6 6164 3063 3375 3286 6406 3386
2 3 6241 9363 11346
2 5 6245 6022 3176 3101 187
2 6 6245 9256 11236 9278 9356 6316
2 3 6245 3215 9343
3 3 6259 548 493
2 2 6263 6377
3 3 6263 6218 9238
1 3 6280 560 3496
2 2 6282 3207
2 3 6282 6334 9334
2 4 6287 6393 3260 3325
1 3 6296 3272 11312
2 2 6301 7239
2 10 6316 214 3339 3387 330 3257 3302 275 232 396
2 5 6316 378 280 357 9267
2 2 6318 9379
2 7 6327 11375 9389 6370 11252 6358 9267
2 5 6327 3352 6374 6312 6357
3 3 6332 11265 348
3 3 6332 395 3384
2 3 6336 9335 9309
2 4 6338 11356 9373 6357
2 3 6377 3395 3234
2 3 6380 11282 9302
2 4 6380 301 11362 6316
2 2 6384 6318
2 3 6389 6257 9347
1 4 6416 3458 3559 11399
1 2 6421 9416
2 2 6444 529
3 2 6446 11483
3 2 6446 575
2 5 6455 476 9481 11490 6497
2 2 6455 3430
2 3 6464 13205 9427
2 2 6469 495
2 3 6469 6622 11346
2 3 6474 3421 6420
2 4 6474 6493 9430 9417
2 2 6496 3262
2 2 6496 9574
2 3 6496 6500 11562
2 4 6497 9451 11409 3757
2 4 6497 9465 11438 458
2 3 6521 11444 3207
3 3 6521 3499 11545
3 3 6521 3499 9560
3 5 6521 3499 9456 11359 9238
2 2 6521 375
3 4 6524 538 6501 3535
1 3 6524 3500 13116
2 4 6531 3533 11732 13011
2 3 6531 680 3652
2 3 6531 9658 9642
2 3 6531 3669 3681
2 2 6533 3671
1 3 6534 11517 3514
2 2 6550 4112
2 4 6558 17 9532 11558
2 4 6558 388 11232 3381
2 4 6566 6544 509 3478
1 2 6573 3581
2 3 6573 6751 3731
2 5 6573 3565 3730 6735 11659
3 2 6583 11435
2 2 6583 9559
1 8 6601 3490 6430 470 6564 11482 6498 464
2 5 6601 9577 452 11458 11321
2 4 6606 6985 1616 9907
2 3 6606 782 9924
1 2 6626 599
2 2 6647 619
2 4 6657 9597 11565 9737
1 4 6667 3645 637 6695
1 2 6683 9620
2 3 6685 9624 11594
2 3 6685 3680 11625
1 2 6689 3672
3 3 6695 660 3663
2 3 6697 11644 11659
1 3 6697 6682 646
2 3 6697 9656 11646
2 4 6705 3687 6707 11654
2 4 6710 11656 691 695
2 3 6747 9716 3577
2 2 6766 11702
1 2 6766 3915
1 3 6778 9754 10381
2 3 6780 770 3772
1 5 6783 765 3752 3734 3720
2 2 6788 3772
1 2 6826 4943
1 2 6826 10793
1 2 6826 5098
2 2 6845 11782
2 2 6845 3863
2 4 6855 11760 11776 831
1 3 6855 9760 971
2 3 6857 935 949
2 2 6857 6990
1 2 6862 3885
2 2 6875 6862
2 3 6890 4442 11800
2 3 6890 4442 6705
2 5 6912 11778 9799 11848 4112
2 3 6912 9887 6864
2 4 6923 893 9791 6990
2 2 6923 6952
2 3 6943 11783 7045
2 2 6943 788
1 3 6950 960 975
1 4 6950 3950 6965 9860
2 4 6952 6814 9888 9902
2 4 6962 760 11711 11877
2 5 6974 4402 10586 7615 10615
1 3 6974 12670 12501
1 2 6983 6957
2 3 6990 9791 11774
2 3 7045 7083 7138
2 3 7045 3925 11841
2 2 7069 11943
2 3 7070 10065 7155
2 4 7070 12040 1003 4107
1 3 7072 12031 9985
1 3 7072 7113 1133
2 2 7072 11960
2 3 7080 10816 4106
2 3 7080 10816 2105
1 3 7102 1067 11960
1 2 7107 4206
2 2 7125 1148
2 3 7125 12040 7070
2 2 7150 4187
1 2 7151 7107
1 3 7169 1024 4118
1 4 7202 1547 10465 7118
1 4 7213 871 3799 6906
2 2 7239 3369
1 3 7289 7629 4445
1 4 7289 10230 6719 3732
2 2 7344 10201
2 4 7363 8067 10808 8011
1 3 7363 12275 7391
1 6 7433 1284 12291 4362 634 4342
1 3 7470 6935 7604
2 4 7480 10520 10352 10380
2 3 7527 3994 7118
2 3 7527 4491 7138
1 12 7587 4392 12122 12220 4388 1308 1281 12201 1394 1337 4371 7236
1 2 7589 12938
1 3 7589 8226 12996
2 3 7593 4644 1609
3 2 7593 7565
1 3 7604 1822 4943
2 2 7638 4604
2 4 7760 10587 4839 3750
1 5 7784 12662 10610 12590 12737
2 3 7798 7811 4791
2 2 7872 13217
2 2 7919 5084
2 2 7972 4948
2 2 7972 2100
2 2 7983 8096
1 2 7991 8047
2 2 8008 5070
1 3 8011 12146 4344
2 2 8015 2100
1 2 8017 2031
3 3 8032 5066 10730
1 2 8034 1992
1 3 8056 1937 12772
2 2 8065 5070
2 2 8065 7983
1 4 8070 10867 12893 3972
2 2 8071 7983
2 3 8071 10836 7950
1 3 8075 10888 8149
3 3 8080 8024 4892
1 3 8113 8024 8080
2 4 8129 5174 2190 2218
2 2 8214 2213
2 3 8238 4575 4604
2 2 8245 5177
1 2 8248 8219
2 3 9084 10066 10772
2 4 9200 11075 11180 12
2 10 9206 11162 3050 6150 3187 3133 11046 6153 9231 11092
2 4 9206 9100 3060 3151
2 5 9221 592 415 3310 6242
2 5 9221 9485 3388 9501 9317
2 4 9247 9371 11355 9288
2 4 9250 3353 9322 296
2 5 9251 11231 9362 6345 9279
2 5 9267 6135 3190 97 6077
2 5 9271 11377 11348 365 11321
2 6 9271 11256 3265 4324 7343 12270
2 3 9279 6345 6287
2 6 9279 11376 6120 11160 11327 11215
2 4 9288 546 9506 3542
2 2 9297 7239
1 3 9302 3327 3263
2 3 9303 11287 11238
2 2 9309 9281
2 5 9334 9277 9387 6236 3473
2 2 9340 265
2 3 9340 9240 9317
2 4 9343 11315 2999 187
2 4 9343 11326 366 9302
2 3 9347 6325 6263
2 8 9355 11368 11214 384 356 3318 6341 413
2 6 9370 6383 11263 282 11387 6338
2 5 9370 3264 3270 11365 11320
2 5 9413 11462 3520 11526 3580
2 6 9413 559 6495 6478 6451 9573
2 2 9416 571
2 2 9417 11559
2 5 9417 11434 9461 9476 523
2 4 9417 11418 449 3478
2 5 9434 6599 11535 3579 6449
2 3 9434 9578 3549
2 2 9472 13011
2 3 9472 3546 5291
3 2 9496 3473
2 4 9496 11415 9535 3514
2 2 9498 3262
3 2 9507 512
3 2 9507 6533
2 3 9509 11431 9443
2 3 9511 11467 6464
2 3 9511 9457 3414
2 2 9511 11558
3 2 9536 11606
2 2 9544 3392
2 3 9544 6484 11399
2 3 9548 577 3562
1 2 9559 5291
3 2 9560 11545
2 3 9561 3402 11606
3 2 9561 11506
2 3 9570 6512 9511
2 3 9570 3545 6534
2 4 9573 11561 6423 11437
2 2 9574 11519
1 2 9595 6647
1 3 9595 9588 6983
2 3 9602 9756 9771
2 6 9607 9609 667 9644 6518 512
1 3 9607 11576 590
2 3 9607 6644 3655
1 2 9611 11594
2 3 9620 11590 6666
1 2 9627 599
1 3 9642 3666 6683
2 2 9653 9810
2 3 9653 9654 695
1 3 9657 926 10341
2 3 9661 11630 11627
1 5 9661 11630 6672 665 596
2 4 9681 9515 3299 571
1 2 9699 9703
1 5 9699 6746 3920 4024 11825
1 3 9703 11688 740
1 3 9711 722 11695
2 3 9711 9724 6710
1 6 9713 11658 677 6681 6757 9730
2 2 9734 755
2 4 9737 6777 9710 743
2 7 9753 9735 11579 9455 6486 6516 3503
1 4 9753 757 6758 3726
1 2 9764 854
1 2 9764 6812
2 4 9769 6967 6814 6952
2 3 9769 649 9614
2 3 9769 649 9783
2 2 9810 831
1 4 9814 11757 7517 1562
2 4 9832 6909 9850 908
1 3 9849 867 833
2 3 9857 6901 3816
2 3 9898 760 6962
2 2 9898 11877
3 2 9902 922
1 3 9904 11751 6862
1 3 9904 9794 3885
2 2 9907 6946
2 3 9909 11891 3772
2 4 9910 1831 4807 1866
1 3 9910 10478 11589
1 3 9914 9875 833
1 5 9914 9875 3448 13234 914
1 3 9924 967 925
1 2 9932 3714
1 2 9932 975
2 2 9945 10113
2 2 9975 4064
2 3 9975 11952 7150
2 2 10013 1194
1 2 10013 4097
1 3 10013 4199 7215
2 2 10013 10113
1 3 10021 5002 11955
1 2 10021 7374
2 2 10070 7069
2 2 10070 1194
2 5 10088 10116 12462 11978 10001
1 3 10106 1600 12372
1 3 10171 4557 12420
1 3 10171 7619 12781
1 4 10218 10653 1668 7784
2 7 10239 4281 7326 7383 4337 1303 12143
2 5 10239 10308 1680 1662 12619
2 2 10278 12180
1 3 10297 12255 12271
2 3 10311 5063 12142
2 5 10311 5063 1359 7411 10799
2 3 10311 7060 4072
1 3 10313 4367 12271
1 3 10341 1560 11589
2 3 10380 12325 12498
1 2 10381 4445
1 5 10444 7532 3962 9859 6994
1 3 10447 4436 7638
2 5 10455 1667 7755 12576 7798
1 3 10515 1449 5163
1 3 10516 1678 1770
1 5 10531 10713 7693 12590 12737
2 6 10531 10713 12509 7804 1676 10627
1 8 10531 10713 12509 7843 12695 10669 4777 7799
1 2 10615 7464
1 6 10627 1877 7773 10669 4777 7799
1 4 10666 12646 12577 1867
2 4 10696 1709 10568 12619
2 6 10696 4700 1835 1765 1824 4827
2 4 10711 4794 4749 7840
2 3 10711 4610 7760
2 3 10717 10391 10516
1 4 10735 7084 4110 1147
1 2 10747 5026
2 3 10751 1541 4459
1 2 10762 5070
2 2 10764 10908
2 2 10765 4908
1 3 10765 13214 12827
1 2 10773 10730
1 2 10773 12712
2 5 10778 9829 5001 7485 12458
2 2 10778 3960
2 3 10798 10702 3972
2 5 10798 9822 11743 2082 3960
2 3 10799 5032 4414
2 2 10812 12838
2 3 10827 8052 1960
2 2 10827 12744
1 2 10831 1992
1 2 10846 8075
1 2 10846 12798
1 2 10846 8047
1 2 10855 4526
2 2 10886 12823
1 2 10889 10773
1 2 10895 12873
2 2 10895 8057
2 3 10898 10843 10772
1 3 10898 1971 10735
2 2 10915 10812
2 2 10919 12731
2 2 10928 12991
1 2 10942 8149
2 2 10946 4617
2 2 10959 5115
1 3 10980 8190 12996
1 3 10984 5204 8129
1 2 11020 10942
1 3 11020 5120 2156
2 5 11061 6193 9124 11110 3177
2 5 11086 9202 72 6075 11071
2 6 11086 3164 9222 9043 3135 9200
2 6 11086 3164 9222 9043 143 6077
2 4 11092 6094 9118 11159
2 9 11092 155 11212 11094 6090 18 138 89 11071
2 4 11105 9129 9194 3083
2 2 11106 379
2 6 11127 11443 4640 9120 9408 11202
2 4 11127 11057 6099 9221
2 6 11147 11040 9151 205 130 9088
2 7 11159 90 6057 9190 152 57 3140
2 7 11159 90 6057 11153 11059 70 9197
1 2 11194 11012
2 4 11202 6324 3310 6242
2 5 11235 11284 9261 9411 9355
2 2 11238 369
2 4 11241 9241 11322 6292
2 2 11251 3325
2 3 11260 388 6558
2 3 11293 3359 369
1 4 11301 347 13206 3393
2 3 11301 11247 3392
1 2 11312 3384
2 3 11317 9269 9379
2 3 11317 11297 9250
2 3 11318 9335 6336
2 2 11318 9309
2 7 11320 6278 7403 7431 6285 291 1278
2 3 11346 6535 9509
2 2 11346 9281
2 2 11350 379
2 3 11370 216 6292
2 4 11370 11216 9236 6413
2 2 11374 6103
2 4 11379 350 11217 6316
2 8 11379 11248 11294 9273 6230 6398 6341 413
2 6 11380 9393 6397 9406 9329 9251
2 4 11380 9308 9209 6164
2 3 11388 6535 11346
2 2 11388 9509
2 2 11388 247
3 3 11435 11470 11494
2 4 11437 453 11452 11461
2 4 11437 11405 6596 11700
2 3 11461 3531 418
2 4 11461 486 3466 6474
2 2 11463 6533
2 3 11465 503 3495
2 3 11465 11616 11600
2 4 11479 491 11427 3562
2 4 11479 536 6580 11399
2 2 11483 11606
2 2 11494 529
1 5 11495 505 3644 610 9730
3 3 11506 9523 9507
2 2 11516 5291
1 2 11516 521
3 3 11519 6537 3488
2 4 11542 9569 11525 3569
2 2 11542 6440
2 3 11542 9429 3462
2 2 11544 571
2 3 11544 9572 11417
2 2 11544 9416
3 2 11545 3535
2 2 11559 6783
2 8 11559 585 426 6417 775 3779 11727 3748
2 2 11562 9574
2 2 11584 3604
1 4 11589 6737 10339 1527
1 2 11594 9595
2 2 11600 6657
2 3 11606 3447 9472
1 3 11614 685 6718
1 3 11614 9647 3672
2 3 11627 3670 9611
2 3 11627 3670 6685
1 3 11654 734 3733
2 2 11666 9661
1 3 11666 6739 9692
2 5 11666 6739 3718 557 3569
2 4 11670 9698 9714 3757
2 3 11683 574 9573
2 3 11695 749 11654
2 6 11700 6596 11405 453 11452 11461
1 3 11707 6749 9703
2 2 11738 788
2 2 11738 11841
1 2 11746 806
1 4 11747 6908 3905 904
1 4 11747 9844 6938 979
2 2 11800 6705
2 2 11818 895
2 3 11818 3526 6990
2 3 11818 3526 6857
2 3 11834 11849 11877
1 2 11919 1065
1 5 11929 9993 10416 1497 12366
3 4 11948 10110 4126 7175
1 3 11953 1058 4061
1 2 11953 1160
2 3 11955 10794 5086
1 3 11960 1136 9985
1 2 11960 4054
2 4 11969 10091 7162 11921
1 3 11969 9994 4163
1 2 11984 7193
2 5 12011 9936 1100 7204 7175
2 3 12024 10340 4586
1 2 12029 1088
1 3 12034 1141 4061
1 4 12034 10059 7149 9960
1 3 12142 10210 7232
2 5 12142 12295 7250 12105 12208
1 7 12143 1303 4337 12266 1272 10277 7392
1 2 12149 7433
2 4 12157 7401 10256 4215
2 4 12180 7310 12779 4414
2 2 12208 7395
2 5 12270 1378 1406 4261 4215
1 2 12289 1424
2 2 12289 4342
2 3 12341 10861 3960
2 3 12341 4884 2042
1 2 12364 10515
1 2 12376 7470
2 2 12420 10401
2 4 12437 11635 10727 6974
1 3 12473 7140 1088
1 2 12473 12029
2 4 12479 2185 5172 10980
1 2 12479 10432
2 2 12489 12458
1 2 12489 4597
1 4 12489 4444 1646 7464
2 5 12489 4444 1646 7797 10615
2 5 12489 10477 4625 4540 4449
2 3 12498 12470 1480
2 4 12498 12470 7612 7118
1 3 12501 10824 10615
1 4 12501 10824 10192 12735
2 2 12504 5199
2 2 12504 191
2 3 12568 12709 6974
2 4 12586 10676 10333 10516
2 4 12586 1683 12516 7840
2 2 12586 10666
2 2 12603 12663
2 6 12619 1418 1229 12285 12115 12143
2 8 12619 1309 4670 12616 4806 7687 7825 7274
1 7 12619 1309 4670 4685 7708 4661 10218
1 3 12627 1738 4586
2 3 12641 4677 7725
2 2 12648 2213
2 4 12663 10611 3769 10552
2 4 12663 12593 3721 12688
2 3 12667 10595 12586
2 3 12667 12620 3750
1 2 12667 1867
2 2 12688 4872
3 2 12712 10730
2 3 12712 8236 12753
2 2 12731 12817
2 2 12731 12900
2 4 12735 7422 860 12498
2 2 12747 12858
2 2 12751 5045
2 2 12751 4957
2 2 12751 8008
2 2 12751 10812
2 2 12753 10886
2 2 12781 10311
2 2 12785 1951
1 3 12790 1937 8056
1 3 12798 5051 11020
1 2 12798 8047
2 3 12800 10877 10908
2 2 12800 12744
2 2 12817 1932
1 2 12823 13093
2 2 12830 11012
2 2 12834 12747
1 3 12844 7998 2054
2 2 12854 10401
1 2 12858 1909
1 2 12865 8017
1 3 12867 1900 12753
2 2 12900 1992
1 2 12922 12943
1 4 12938 7476 12923 2218
1 4 12938 7476 8210 12479
2 2 12944 2202
2 2 12944 8201
2 2 12963 1580
2 2 12963 8214
2 2 12964 2106
2 2 12964 8238
1 3 12969 5162 10942
1 2 12969 12983
1 2 12983 2162
1 2 12983 5190
1 6 12991 5065 12840 10818 10891 1966
2 2 13009 379
2 2 13085 10886
2 2 13085 8017
1 2 13085 2077
1 2 13087 13092
2 2 13093 8017
1 2 13116 6421
1 2 13116 11417
