1 12
1 68
1 100
1 117
1 121
1 160
1 185
1 187
1 191
1 241
1 265
1 287
1 296
1 306
1 310
1 321
1 334
1 337
1 348
1 349
1 351
1 369
1 374
1 375
1 377
1 379
1 383
1 385
1 396
1 413
1 418
1 458
1 464
1 466
1 480
1 485
1 493
1 495
1 512
1 514
1 516
1 519
1 521
1 523
1 525
1 529
1 571
1 572
1 575
1 587
1 590
1 596
1 599
1 619
1 620
1 646
1 651
1 657
1 687
1 692
1 695
1 720
1 736
1 740
1 743
1 751
1 773
1 778
1 788
1 792
1 806
1 819
1 831
1 833
1 854
1 857
1 873
1 885
1 895
1 904
1 908
1 911
1 912
1 914
1 922
1 925
1 928
1 940
1 947
1 949
1 971
1 975
1 976
1 979
1 981
1 989
1 1005
1 1054
1 1065
1 1088
1 1091
1 1092
1 1102
1 1133
1 1145
1 1147
1 1148
1 1149
1 1179
1 1182
1 1194
1 1275
1 1278
1 1292
1 1317
1 1326
1 1349
1 1352
1 1377
1 1381
1 1413
1 1424
1 1450
1 1459
1 1463
1 1472
1 1480
1 1527
1 1539
1 1562
1 1580
1 1591
1 1595
1 1599
1 1609
1 1615
1 1624
1 1633
1 1634
1 1639
1 1690
1 1770
1 1794
1 1804
1 1814
1 1821
1 1836
1 1843
1 1866
1 1867
1 1908
1 1909
1 1914
1 1919
1 1932
1 1951
1 1954
1 1960
1 1966
1 1975
1 1992
1 1993
1 2001
1 2004
1 2005
1 2012
1 2031
1 2038
1 2042
1 2050
1 2051
1 2054
1 2077
1 2086
1 2089
1 2097
1 2100
1 2105
1 2106
1 2120
1 2123
1 2152
1 2156
1 2162
1 2195
1 2196
1 2197
1 2211
1 2213
1 2216
1 2218
1 2219
1 2221
1 2225
1 2227
1 2228
1 2853
1 3010
1 3083
1 3140
1 3151
1 3152
1 3177
1 3203
1 3206
1 3207
1 3263
1 3273
1 3319
1 3320
1 3325
1 3355
1 3369
1 3381
1 3384
1 3386
1 3392
1 3393
1 3397
1 3414
1 3430
1 3462
1 3473
1 3478
1 3484
1 3488
1 3495
1 3496
1 3503
1 3513
1 3516
1 3522
1 3529
1 3542
1 3544
1 3548
1 3549
1 3552
1 3562
1 3569
1 3577
1 3578
1 3580
1 3581
1 3585
1 3596
1 3604
1 3650
1 3652
1 3655
1 3663
1 3672
1 3701
1 3703
1 3714
1 3715
1 3720
1 3726
1 3731
1 3732
1 3733
1 3748
1 3750
1 3757
1 3772
1 3775
1 3816
1 3823
1 3863
1 3868
1 3878
1 3899
1 3906
1 3915
1 3951
1 3957
1 3959
1 3960
1 3966
1 3972
1 3973
1 3975
1 4052
1 4061
1 4064
1 4072
1 4106
1 4107
1 4109
1 4112
1 4116
1 4118
1 4131
1 4155
1 4163
1 4171
1 4187
1 4215
1 4245
1 4275
1 4299
1 4320
1 4342
1 4344
1 4345
1 4410
1 4414
1 4416
1 4435
1 4445
1 4449
1 4459
1 4464
1 4492
1 4526
1 4569
1 4571
1 4578
1 4581
1 4586
1 4597
1 4601
1 4604
1 4608
1 4617
1 4658
1 4696
1 4718
1 4724
1 4735
1 4738
1 4791
1 4826
1 4827
1 4851
1 4869
1 4872
1 4875
1 4887
1 4892
1 4908
1 4943
1 4946
1 4948
1 4952
1 4956
1 4965
1 4972
1 4978
1 5026
1 5040
1 5043
1 5046
1 5070
1 5084
1 5107
1 5115
1 5163
1 5168
1 5177
1 5199
1 5210
1 5223
1 6050
1 6077
1 6080
1 6103
1 6115
1 6164
1 6176
1 6237
1 6242
1 6245
1 6259
1 6263
1 6280
1 6282
1 6292
1 6296
1 6301
1 6314
1 6316
1 6318
1 6322
1 6327
1 6336
1 6338
1 6357
1 6380
1 6389
1 6413
1 6416
1 6418
1 6420
1 6421
1 6446
1 6449
1 6455
1 6464
1 6474
1 6497
1 6524
1 6531
1 6534
1 6550
1 6566
1 6601
1 6606
1 6613
1 6626
1 6631
1 6647
1 6657
1 6666
1 6667
1 6683
1 6685
1 6689
1 6695
1 6696
1 6697
1 6705
1 6710
1 6718
1 6720
1 6723
1 6747
1 6766
1 6767
1 6778
1 6780
1 6783
1 6793
1 6826
1 6843
1 6845
1 6855
1 6857
1 6875
1 6906
1 6923
1 6943
1 6950
1 6957
1 6962
1 6974
1 6983
1 6990
1 6994
1 7005
1 7014
1 7045
1 7102
1 7118
1 7125
1 7133
1 7138
1 7150
1 7151
1 7191
1 7193
1 7202
1 7213
1 7215
1 7236
1 7274
1 7289
1 7315
1 7344
1 7363
1 7381
1 7391
1 7392
1 7394
1 7395
1 7433
1 7442
1 7450
1 7470
1 7480
1 7520
1 7527
1 7566
1 7587
1 7589
1 7593
1 7604
1 7638
1 7661
1 7725
1 7760
1 7770
1 7775
1 7784
1 7787
1 7798
1 7799
1 7840
1 7887
1 7963
1 7978
1 7983
1 7991
1 7996
1 8047
1 8056
1 8065
1 8070
1 8096
1 8106
1 8113
1 8129
1 8149
1 8201
1 8219
1 8238
1 9084
1 9088
1 9197
1 9200
1 9206
1 9221
1 9237
1 9247
1 9251
1 9267
1 9271
1 9279
1 9288
1 9302
1 9334
1 9343
1 9355
1 9370
1 9413
1 9416
1 9417
1 9427
1 9443
1 9472
1 9507
1 9511
1 9512
1 9544
1 9548
1 9559
1 9573
1 9586
1 9602
1 9612
1 9653
1 9657
1 9666
1 9692
1 9699
1 9703
1 9711
1 9713
1 9730
1 9753
1 9764
1 9767
1 9780
1 9785
1 9814
1 9821
1 9823
1 9836
1 9849
1 9857
1 9860
1 9893
1 9898
1 9910
1 9935
1 9960
1 9974
1 10001
1 10088
1 10106
1 10171
1 10173
1 10218
1 10239
1 10297
1 10311
1 10341
1 10380
1 10381
1 10390
1 10401
1 10432
1 10444
1 10455
1 10516
1 10531
1 10552
1 10570
1 10609
1 10615
1 10627
1 10631
1 10641
1 10671
1 10688
1 10696
1 10711
1 10718
1 10728
1 10747
1 10764
1 10765
1 10778
1 10798
1 10812
1 10855
1 10919
1 10928
1 10959
1 10980
1 11061
1 11071
1 11086
1 11092
1 11105
1 11127
1 11147
1 11159
1 11202
1 11215
1 11235
1 11241
1 11251
1 11312
1 11320
1 11321
1 11350
1 11370
1 11379
1 11380
1 11437
1 11461
1 11465
1 11477
1 11479
1 11494
1 11495
1 11542
1 11559
1 11589
1 11614
1 11617
1 11625
1 11639
1 11646
1 11650
1 11683
1 11695
1 11700
1 11701
1 11707
1 11747
1 11800
1 11825
1 11929
1 11948
1 11985
1 12039
1 12064
1 12113
1 12143
1 12149
1 12157
1 12180
1 12206
1 12270
1 12271
1 12305
1 12324
1 12341
1 12366
1 12376
1 12391
1 12406
1 12458
1 12498
1 12501
1 12586
1 12589
1 12603
1 12608
1 12619
1 12627
1 12632
1 12641
1 12667
1 12688
1 12735
1 12737
1 12747
1 12751
1 12753
1 12785
1 12823
1 12827
1 12838
1 12910
1 12971
1 13009
1 13087
